Alabama,0.620778047841,0.0,0.379221952159
Arkansas,0.671221126156,0.0,0.328778873844
California,0.483805723096,0.18778286699,0.328411409913
Connecticut,0.435670803819,0.531775572956,0.0325536232245
Delaware,0.548632531359,0.0212488861471,0.430118582494
Florida,0.568135108569,0.0,0.431864891431
Georgia,0.571409816199,0.0,0.428590183801
Illinois,0.440923562887,0.40226211069,0.156814326422
Indiana,0.504054266431,0.400860549375,0.0950851841941
Iowa,0.406976492254,0.488278626368,0.104744881378
Kentucky,0.525433273733,0.0,0.474566726267
Louisiana,0.516968721573,0.0,0.483031278427
Maine,0.356827029146,0.613361412721,0.0298115581325
Maryland,0.450414460051,0.0032811420677,0.546304397882
Massachusetts,0.230781896876,0.63612627023,0.133091832894
Michigan,0.415248365336,0.571530969011,0.0132206656526
Mississippi,0.5944305665,0.0,0.4055694335
Missouri,0.544334466503,0.0,0.455665533497
New Hampshire,0.457061369565,0.537062516123,0.00587611431192
New Jersey,0.472282586824,0.285102016178,0.242615396998
New York,0.328386584094,0.462716643811,0.208896772095
North Carolina,0.56781187105,0.0,0.43218812895
Ohio,0.442109511846,0.485118901311,0.0727715868428
Pennsylvania,0.501315843802,0.320074930296,0.178609225901
Rhode Island,0.336999293714,0.578498637877,0.0845020684088
Tennessee,0.521806830262,0.0,0.478193169738
Texas,0.665890446078,0.0,0.334109553922
Vermont,0.208422006779,0.779557815086,0.0120201781351
Virginia,0.59966183607,0.0,0.40033816393
Wisconsin,0.442156436174,0.552998862039,0.00484470178727
U. S. Total,0.45294148862,0.33089800215,0.21616050923
Alabama,0.151106278156,0.0,0.848893721844
Arkansas,0.0989252474516,0.0,0.901074752548
California,0.317115508191,0.323241005783,0.359643486026
Connecticut,0.215047371354,0.538559663137,0.246392965509
Delaware,0.0661495501086,0.237170338194,0.696680111697
Florida,0.0167656567175,0.0,0.983234343282
Georgia,0.10852066681,0.0,0.89147933319
Illinois,0.471683948349,0.506883232352,0.021432819299
Indiana,0.424442296881,0.510882146519,0.0646755566008
Iowa,0.432184497316,0.546081606972,0.0217338957115
Kentucky,0.175432237238,0.00932866444165,0.81523909832
Louisiana,0.1509602059,0.0,0.8490397941
Maine,0.294228977982,0.622396401038,0.0833746209794
Maryland,0.0644959027913,0.0247994637954,0.910704633413
Massachusetts,0.202324048129,0.628011019803,0.169664932068
Michigan,0.419860367909,0.572310399938,0.00782923215291
Minnesota,0.342656739587,0.634403656538,0.022939603875
Mississippi,0.0474998190897,0.0,0.95250018091
Missouri,0.355157855318,0.102849066518,0.541993078164
New Hampshire,0.392566307265,0.568961072441,0.0384726202933
New Jersey,0.0,0.481343068102,0.518656931898
New York,0.0,0.537129196808,0.462870803192
North Carolina,0.0283005211349,0.0,0.971699478865
Ohio,0.432980950049,0.512424283028,0.0545947669234
Oregon,0.279859088138,0.362035092473,0.358105819389
Pennsylvania,0.035187913744,0.562565852717,0.402246233539
Rhode Island,0.386296426244,0.613703573756,0.0
Tennessee,0.0772110659384,0.0,0.922788934062
Texas,0.000285696146276,0.0,0.999714303854
Vermont,0.194071713863,0.758605214738,0.0473230713997
Virginia,0.0970573607924,0.0113067810727,0.891635858135
Wisconsin,0.427266574232,0.565866512462,0.00686691330604
U. S. Total,0.21502050163,0.396466606214,0.388512892156
California,0.413986212107,0.586013787893,0.0
Connecticut,0.486269233423,0.513730766577,0.0
Delaware,0.518082968916,0.481917031084,0.0
Illinois,0.455794346363,0.544205653637,0.0
Indiana,0.464912875691,0.535087124309,0.0
Iowa,0.369237365266,0.630762634734,0.0
Kansas,0.177757182576,0.791890639481,0.0303521779425
Kentucky,0.698256015985,0.301743984015,0.0
Maine,0.409348676359,0.590651323641,0.0
Maryland,0.449143938978,0.550856061022,0.0
Massachusetts,0.277769863295,0.722230136705,0.0
Michigan,0.448611136321,0.551388863679,0.0
Minnesota,0.409743674393,0.590256325607,0.0
Missouri,0.302800299005,0.697199700995,0.0
Nevada,0.401583434836,0.598416565164,0.0
New Hampshire,0.474421944564,0.525578055436,0.0
New Jersey,0.528335301063,0.471664698937,0.0
New York,0.495381958367,0.504618041633,0.0
Ohio,0.436275019468,0.563724980532,0.0
Oregon,0.460997547016,0.539002452984,0.0
Pennsylvania,0.483573426756,0.516426573244,0.0
Rhode Island,0.377942515282,0.622057484718,0.0
Vermont,0.238941704036,0.760878923767,0.000179372197309
West Virginia,0.317630530149,0.682369469851,0.0
Wisconsin,0.441161896854,0.558838103146,0.0
U. S. Total,0.449617511602,0.550210856604,0.000171631794244
Alabama,0.487459390082,0.512500501357,4.01085605038e-05
Arkansas,0.463170672493,0.536829327507,0.0
California,0.49760712708,0.50239287292,0.0
Connecticut,0.485075837456,0.514924162544,0.0
Delaware,0.590005923214,0.409994076786,0.0
Georgia,0.642657806477,0.357342193523,0.0
Illinois,0.443051043567,0.556948956433,0.0
Indiana,0.48606825565,0.51393174435,0.0
Iowa,0.380787804916,0.619212195084,0.0
Kansas,0.311712124685,0.688219115288,6.8760027504e-05
Kentucky,0.745482615548,0.254517384452,0.0
Louisiana,0.706902932469,0.293097067531,0.0
Maine,0.375878614047,0.624121385953,0.0
Maryland,0.671986637211,0.328013362789,0.0
Massachusetts,0.302304765022,0.697562248092,0.000132986885447
Michigan,0.430192358833,0.569807641167,0.0
Minnesota,0.39121111699,0.60878888301,0.0
Missouri,0.430381407062,0.569618592938,0.0
Nebraska,0.360931266758,0.639068733242,0.0
Nevada,0.446059155411,0.553940844589,0.0
New Hampshire,0.447631178262,0.552207776997,0.000161044741157
New Jersey,0.508796557389,0.491203442611,0.0
New York,0.505880996174,0.494119003826,0.0
North Carolina,0.465894940991,0.534105059009,0.0
Ohio,0.459958595804,0.540041404196,0.0
Oregon,0.503712759214,0.496287240786,0.0
Pennsylvania,0.477962730797,0.522037269203,0.0
Rhode Island,0.335090322911,0.664909677089,0.0
South Carolina,0.420660603694,0.579339396306,0.0
Tennessee,0.315731599744,0.684268400256,0.0
Vermont,0.214278090088,0.785721909912,0.0
West Virginia,0.411711035867,0.588288964133,0.0
Wisconsin,0.437508716291,0.562491283709,0.0
U. S. Total,0.473020075352,0.526661703749,0.000318220898777
Alabama,0.468099648825,0.531900351175,0.0
Arkansas,0.478272383354,0.521727616646,0.0
California,0.425087435402,0.563835673644,0.0110768909537
Connecticut,0.475944963493,0.524055036507,0.0
Delaware,0.467647328384,0.509989918431,0.0223627531849
Florida,0.464808677312,0.535191322688,0.0
Georgia,0.549695477517,0.450304522483,0.0
Illinois,0.429991790144,0.562679808638,0.00732840121776
Indiana,0.465927857948,0.530037358056,0.00403478399526
Iowa,0.377306865713,0.608074318859,0.0146188154276
Kansas,0.328020534862,0.664647007323,0.00733245781598
Kentucky,0.523164255631,0.464415203913,0.0124205404557
Louisiana,0.443143318932,0.556856681068,0.0
Maine,0.321432122223,0.678567877777,0.0
Maryland,0.503447455131,0.496552544869,0.0
Massachusetts,0.306926124108,0.691964285714,0.00110959017753
Michigan,0.35470411596,0.62657424759,0.0187216364498
Minnesota,0.387278786612,0.612721213388,0.0
Mississippi,0.365233243471,0.634766756529,0.0
Missouri,0.554583441674,0.436521044902,0.00889551342384
Nebraska,0.293189881228,0.706810118772,0.0
Nevada,0.425694586661,0.574305413339,0.0
New Hampshire,0.456056076394,0.539401503498,0.00454242010855
New Jersey,0.4547920434,0.5452079566,0.0
New York,0.467720586459,0.532279413541,0.0
North Carolina,0.424610838989,0.573808903931,0.00158025707937
Ohio,0.461474096964,0.532362740728,0.00616316230857
Oregon,0.384275574527,0.586588573981,0.0291358514915
Pennsylvania,0.376451811058,0.620650780631,0.00289740831087
Rhode Island,0.280562282826,0.719437717174,0.0
South Carolina,0.237805389096,0.757344005364,0.00485060553996
Tennessee,0.521603386839,0.478396613161,0.0
Texas,0.570749781292,0.407122150368,0.0221280683397
Vermont,0.206228765572,0.782936957342,0.0108342770857
Virginia,0.494867572019,0.504673452307,0.000458975674289
West Virginia,0.472761618134,0.517393183601,0.00984519826468
Wisconsin,0.449686695614,0.54597644367,0.00433686071605
U. S. Total,0.437842621033,0.555848029885,0.00630934908204
Alabama,0.599822945969,0.400165405739,1.16482914868e-05
Arkansas,0.599158294308,0.398665236317,0.0021764693747
California,0.490807785138,0.508768551327,0.000423663534124
Connecticut,0.50704144628,0.483346160774,0.00961239294545
Delaware,0.554468984378,0.445531015622,0.0
Florida,0.490144518557,0.509855481443,0.0
Georgia,0.720333167303,0.279666832697,0.0
Illinois,0.466615664701,0.502018126147,0.0313662091526
Indiana,0.486490427444,0.473925237691,0.0395843348652
Iowa,0.382824930517,0.584973948197,0.032201121286
Kansas,0.305331335492,0.630963313838,0.0637053506694
Kentucky,0.614136732329,0.374360194301,0.0115030733695
Louisiana,0.483517689253,0.516482310747,0.0
Maine,0.426476996027,0.566448801743,0.00707420222991
Maryland,0.560451639299,0.439548360701,0.0
Massachusetts,0.418985440259,0.578014020491,0.00300053924967
Michigan,0.444920709688,0.524104254985,0.0309750353274
Minnesota,0.391593794076,0.587991134395,0.0204150715293
Mississippi,0.680760547653,0.319239452347,0.0
Missouri,0.576384016429,0.413641938336,0.00997404523545
Nebraska,0.353004378852,0.646995621148,0.0
Nevada,0.472703265451,0.527296734549,0.0
New Hampshire,0.480528069278,0.518336432039,0.00113549868357
New Jersey,0.52663799485,0.470119395258,0.00324260989223
New York,0.513980756335,0.481738606385,0.00428063728024
North Carolina,0.536216766206,0.463783233794,0.0
Ohio,0.490674091967,0.502085329212,0.00724057882119
Oregon,0.473779324654,0.509152973461,0.0170677018841
Pennsylvania,0.48248666325,0.506175946287,0.0113373904634
Rhode Island,0.402298418898,0.592894430465,0.00480715063657
South Carolina,0.497566823404,0.502433176596,0.0
Tennessee,0.597895332289,0.402104667711,0.0
Texas,0.700444652469,0.299555347531,0.0
Vermont,0.313757687482,0.683020153982,0.0032221585364
Virginia,0.595756026544,0.404243973456,0.0
West Virginia,0.567463144902,0.421457745843,0.0110791092557
Wisconsin,0.481870462755,0.505748958888,0.0123805783565
U. S. Total,0.509203187824,0.479190569424,0.011606242752
Alabama,0.599711933074,0.369758234242,0.0305298326844
Arkansas,0.566455401249,0.395526144095,0.0380184546556
California,0.489774422357,0.489196018144,0.0210295594995
Colorado,0.460295820416,0.512643334703,0.027060844881
Connecticut,0.485045405943,0.505045104742,0.00990948931492
Delaware,0.517305608236,0.478630452452,0.00406393931184
Florida,0.541749002286,0.458250997714,0.0
Georgia,0.654526175937,0.345473824063,0.0
Illinois,0.445630166219,0.511057154611,0.0433126791706
Indiana,0.479148961485,0.493260699595,0.0275903389197
Iowa,0.327189039809,0.568556838064,0.104254122127
Kansas,0.297183266576,0.604042221184,0.09877451224
Kentucky,0.558089732838,0.397994788547,0.0439154786151
Louisiana,0.624785151186,0.370999491084,0.00421535772928
Maine,0.452881454869,0.514624434515,0.0324941106162
Maryland,0.541531099925,0.453741642058,0.00472725801698
Massachusetts,0.395888347364,0.585573770492,0.0185378821444
Michigan,0.373031688574,0.525377221304,0.101591090122
Minnesota,0.353615748387,0.622818711821,0.0235655397921
Mississippi,0.650767605089,0.299430417264,0.0498019776462
Missouri,0.521117331275,0.383619236044,0.0952634326811
Nebraska,0.326156062754,0.628676302429,0.0451676348168
Nevada,0.524011992368,0.475988007632,0.0
New Hampshire,0.472404289321,0.519396901128,0.00819880955138
New Jersey,0.498377573924,0.490204450083,0.011417975993
New York,0.48418263591,0.503235215523,0.0125821485672
North Carolina,0.514941461311,0.480390368479,0.00466817020994
Ohio,0.470119329569,0.517331133693,0.0125495367375
Oregon,0.488865479311,0.505132413827,0.006002106862
Pennsylvania,0.465747505381,0.508359215943,0.025893278676
Rhode Island,0.368701898409,0.622370446383,0.0089276552078
South Carolina,0.656991266401,0.339697804608,0.00331092899052
Tennessee,0.532026784391,0.443429093844,0.0245441217652
Texas,0.647129394438,0.239498440383,0.113372165179
Vermont,0.280907320215,0.698848212506,0.0202444672791
Virginia,0.605261416906,0.394738583094,0.0
West Virginia,0.509178178205,0.410272107033,0.0805497147623
Wisconsin,0.429083628062,0.5404292745,0.0304870974382
U. S. Total,0.482128866963,0.483154630138,0.0347165028992
Alabama,0.6036556788,0.386944748216,0.00939957298339
Arkansas,0.578268232376,0.407047281343,0.0146844862815
California,0.453266188803,0.51967124901,0.0270625621865
Colorado,0.416768141433,0.542461552338,0.0407703062283
Connecticut,0.489461375376,0.480106661227,0.0304319633971
Delaware,0.565534951974,0.431997065101,0.00246798292423
Florida,0.529571595266,0.467261210202,0.00316719453242
Georgia,0.659195042128,0.338437434719,0.00236752315298
Illinois,0.464345072621,0.501685819198,0.0339691081808
Indiana,0.494627845566,0.481473032229,0.0238991222049
Iowa,0.470083589386,0.52250391701,0.00741249360421
Kansas,0.339035840029,0.580805573109,0.0801585868617
Kentucky,0.553242356618,0.429288088512,0.01746955487
Louisiana,0.572162451211,0.423651038858,0.00418650993154
Maine,0.399667410013,0.553425140431,0.0469074495559
Maryland,0.520731753208,0.460963665002,0.01830458179
Massachusetts,0.403292208199,0.483626307341,0.11308148446
Michigan,0.472003011072,0.480248563011,0.0477484259172
Minnesota,0.368730166248,0.587763200135,0.043506633617
Mississippi,0.643419395466,0.356580604534,0.0
Missouri,0.534874498037,0.460221452723,0.00490404923992
Nebraska,0.405292022474,0.573106213022,0.0216017645043
Nevada,0.435883410174,0.56208486364,0.00203172618582
New Hampshire,0.463410020571,0.511361218168,0.0252287612607
New Jersey,0.489795761936,0.47309338842,0.0371108496441
New York,0.482495679717,0.481511246443,0.0359930738393
North Carolina,0.532520234316,0.465877416566,0.00160234911834
Ohio,0.469379691821,0.509911930768,0.0207083774104
Oregon,0.467028586614,0.509851562203,0.0231198511826
Pennsylvania,0.434562058009,0.529730136392,0.0357078055991
Rhode Island,0.378108693662,0.58069634738,0.0411949589576
South Carolina,0.752542774641,0.23412920743,0.0133280179287
Tennessee,0.514543538299,0.477351929779,0.00810453192193
Texas,0.692608475123,0.286318992945,0.0210725319316
Vermont,0.291762764937,0.665207656437,0.0430295786266
Virginia,0.510535937988,0.489007884847,0.000456177165175
West Virginia,0.50937228045,0.477475500397,0.0131522191532
Wisconsin,0.45790173058,0.503806650304,0.0382916191161
U. S. Total,0.488510056267,0.482786580114,0.0287033636195
Alabama,0.670040266156,0.326567095982,0.00339263786161
Arkansas,0.547963172841,0.380445440538,0.0715913866215
California,0.468407210978,0.496604187969,0.0349886010528
Colorado,0.408381006243,0.552193678898,0.0394253148587
Connecticut,0.486563015496,0.484380885581,0.0290560989232
Delaware,0.551471576401,0.435089369708,0.0134390538906
Florida,0.594842105263,0.398932330827,0.00622556390977
Georgia,0.703062909274,0.283336598198,0.0136004925281
Illinois,0.465826349636,0.495411285977,0.0387623643879
Indiana,0.486103894411,0.490476749188,0.0234193564007
Iowa,0.445091367983,0.523594838358,0.0313137936581
Kansas,0.310268187432,0.552331427847,0.137400384721
Kentucky,0.533044527181,0.449847477876,0.017107994943
Louisiana,0.733723930245,0.264558939003,0.00171713075217
Maine,0.39353465416,0.574879340054,0.0315860057854
Maryland,0.503401425043,0.473999838817,0.0225987361395
Massachusetts,0.440357538134,0.534192416404,0.0254500454621
Michigan,0.449071853516,0.497284140728,0.0536440057557
Minnesota,0.396471504263,0.541208196441,0.0623202992954
Mississippi,0.738008049332,0.259919161211,0.00207278945641
Missouri,0.502422510358,0.45314561915,0.0444318704926
Nebraska,0.397528524616,0.535083303723,0.0673881716609
Nevada,0.41936797524,0.577292718684,0.00333930607591
New Hampshire,0.478405900809,0.503418285903,0.0181758132878
New Jersey,0.498708035852,0.475179476039,0.026112488109
New York,0.481883662639,0.492774378139,0.0253419592225
North Carolina,0.517931244594,0.471993920781,0.0100748346249
Ohio,0.4717674904,0.495089610298,0.0331428993016
Oregon,0.428790842805,0.538227733497,0.0329814236981
Pennsylvania,0.447721859562,0.527373572528,0.0249045679092
Rhode Island,0.429920294298,0.538786020846,0.0312936848559
South Carolina,0.822830856157,0.171706438991,0.00546270485143
Tennessee,0.522562184304,0.457625109485,0.0198127062109
Texas,0.656991494016,0.247325272088,0.0956832338964
Vermont,0.256493308073,0.690460184563,0.0530465073642
Virginia,0.499870102964,0.494592008208,0.00553788882787
West Virginia,0.49345835424,0.490284746613,0.016256899147
Wisconsin,0.437749214639,0.497873744409,0.0643770409516
U. S. Total,0.486279558087,0.477979331708,0.0357411102055
Alabama,0.594019170648,0.0394937710445,0.366487058307
Arkansas,0.593004179129,0.317802818042,0.0891930028288
California,0.438316228316,0.437770994292,0.123912777392
Colorado,0.0,0.411328029311,0.588671970689
Connecticut,0.500592363073,0.468009356299,0.0313982806282
Delaware,0.499019739492,0.485484087552,0.0154961729556
Florida,0.850074708917,0.0,0.149925291083
Georgia,0.580147539955,0.216953649507,0.202898810538
Idaho,0.0,0.443087545731,0.556912454269
Illinois,0.487932769185,0.457035850864,0.0550313799509
Indiana,0.474591456487,0.46172145524,0.0636870882729
Iowa,0.443107327167,0.49597322857,0.0609194442627
Kansas,0.0,0.483959926748,0.516040073252
Kentucky,0.514753684754,0.3974077638,0.0878385514457
Louisiana,0.765312606081,0.234687393919,0.0
Maine,0.412611312913,0.540450489906,0.0469381971816
Maryland,0.533892861329,0.434818895792,0.0312882428789
Massachusetts,0.452174780323,0.518668739834,0.0291564798429
Michigan,0.432627750539,0.477868017037,0.0895042324239
Minnesota,0.377640904362,0.459601553671,0.162757541966
Mississippi,0.762200346541,0.0266189379082,0.211180715551
Missouri,0.495584241012,0.42033446397,0.0840812950185
Montana,0.397876790895,0.424439396325,0.17768381278
Nebraska,0.124595388427,0.435646779092,0.439757832481
Nevada,0.0656370656371,0.258411472697,0.675951461666
New Hampshire,0.471078820988,0.511121808147,0.017799370865
New Jersey,0.506677566398,0.462352979507,0.0309694540952
New York,0.489879884171,0.455829735793,0.0542903800364
North Carolina,0.474367574125,0.358033325008,0.167599100867
North Dakota,0.0,0.485049006036,0.514950993964
Ohio,0.47533769955,0.476598632734,0.0480636677159
Oregon,0.181460294811,0.445936476794,0.372603228396
Pennsylvania,0.45090677062,0.514462467971,0.0346307614082
Rhode Island,0.457478005865,0.507086999022,0.0354349951124
South Carolina,0.775558833541,0.189280040849,0.0351611256099
South Dakota,0.128784763093,0.494774013303,0.376441223604
Tennessee,0.513555010311,0.378339831108,0.108105158581
Texas,0.566506769001,0.192218313613,0.241274917386
Vermont,0.292583697756,0.680909025737,0.0265072765073
Virginia,0.561651804351,0.387006481019,0.0513417146299
Washington,0.338778433312,0.414464186247,0.246757380441
West Virginia,0.493730966396,0.469327036048,0.0369419975567
Wisconsin,0.47721761877,0.460467569655,0.0623148115754
Wyoming,0.0,0.505168807888,0.494831192112
U. S. Total,0.460215907704,0.430128222285,0.109655870011
Alabama,0.669637167232,0.286118820023,0.0442440127454
Arkansas,0.737229405345,0.251173441716,0.0115971529391
California,0.485109862308,0.491550470982,0.0233396667102
Colorado,0.849455784825,0.138604719873,0.0119394953018
Connecticut,0.325362692815,0.632404380985,0.0422329261999
Delaware,0.430986061993,0.531776575827,0.0372373621802
Florida,0.704611942867,0.243030459473,0.0523575976596
Georgia,0.577824963072,0.365552683407,0.0566223535204
Idaho,0.781033726073,0.213159582728,0.00580669119881
Illinois,0.426827602581,0.556556286777,0.0166161106421
Indiana,0.479616837671,0.508153107975,0.0122300543541
Iowa,0.428994894036,0.554682511835,0.0163225941286
Kansas,0.513156596831,0.476300788828,0.0105426143412
Kentucky,0.488630451553,0.489251628066,0.0221179203818
Louisiana,0.76376105932,0.218088791244,0.0181501494369
Maine,0.2920730626,0.678970435488,0.0289565019127
Maryland,0.416185479263,0.547290898265,0.036523622472
Massachusetts,0.263245577337,0.694716710495,0.0420377121683
Michigan,0.434700367495,0.537654077733,0.0276455547715
Minnesota,0.408866404106,0.566192262452,0.0249413334426
Mississippi,0.910390711443,0.0692474601601,0.0203618283974
Missouri,0.53964054334,0.45249634222,0.00786311444029
Montana,0.79932495781,0.197056066004,0.00361897618601
Nebraska,0.515305893844,0.461793513814,0.0229005923417
Nevada,0.812100058173,0.187899941827,0.0
New Hampshire,0.25875463129,0.686554320545,0.0546910481654
New Jersey,0.360159047011,0.596789965815,0.0430509871744
New York,0.387231051018,0.575779070649,0.0369898783321
North Carolina,0.526376468671,0.468169869348,0.00545366198161
North Dakota,0.436496381169,0.555696229242,0.00780738958874
Ohio,0.470767380299,0.518577928512,0.0106546911894
Oregon,0.479797565032,0.500739113474,0.0194633214938
Pennsylvania,0.362729674176,0.609785197868,0.0274851279561
Rhode Island,0.263922606553,0.683343981017,0.0527334124304
South Carolina,0.852954828977,0.135092401868,0.0119527691549
South Dakota,0.496986136227,0.494779987945,0.00823387582881
Tennessee,0.520930000654,0.463326924335,0.0157430750102
Texas,0.679962407257,0.307496888687,0.0125407040563
Utah,0.827033116143,0.172698063211,0.000268820645426
Vermont,0.166648393816,0.800773724686,0.032577881498
Virginia,0.52501408336,0.459419561957,0.0155663546835
Washington,0.569697487792,0.418377269376,0.0119252428326
West Virginia,0.468286106554,0.522306537072,0.00940735637425
Wisconsin,0.369959030775,0.599306227635,0.0307347415899
Wyoming,0.51493457235,0.477527024464,0.00753840318604
U. S. Total,0.467103757502,0.510244948695,0.0226512938031
Alabama,0.608227087143,0.348245372342,0.0435275405155
Arkansas,0.634586207436,0.350366790234,0.0150470023306
California,0.413422290436,0.544972512388,0.0416051971765
Colorado,0.554329563521,0.420364214482,0.0253062219974
Connecticut,0.410743916313,0.569227781015,0.0200283026721
Delaware,0.448974731477,0.536688180238,0.014337088285
Florida,0.713082297158,0.185502786956,0.101414915887
Georgia,0.668643439585,0.282184334075,0.0491722263405
Idaho,0.507891010809,0.469627378527,0.0224816106641
Illinois,0.444440616063,0.52830337036,0.0272560135772
Indiana,0.466174969206,0.506047336672,0.0277776941216
Iowa,0.394575331618,0.580381065513,0.0250436028698
Kansas,0.459628681106,0.525644069809,0.0147272490856
Kentucky,0.502121661879,0.48505013187,0.0128282062507
Louisiana,0.790327806085,0.209613288958,5.89049568521e-05
Maine,0.348386364281,0.618886775851,0.0327268598677
Maryland,0.462262795253,0.515005634676,0.0227315700704
Massachusetts,0.378484778353,0.575852691874,0.0456625297731
Michigan,0.388855925743,0.580972080113,0.0301719941438
Minnesota,0.356930362839,0.602132078872,0.0409375582892
Mississippi,0.875556684447,0.0966387266108,0.0278045889425
Missouri,0.514764735481,0.459429888716,0.025805375803
Montana,0.584299047858,0.39791092458,0.017790027562
Nebraska,0.472240400944,0.504639025805,0.023120573251
Nevada,0.622499019223,0.377500980777,0.0
New Hampshire,0.384229786497,0.59329392404,0.0224762894634
New Jersey,0.410941279142,0.552816357063,0.036242363795
New York,0.438271054661,0.531001742847,0.0307272024919
North Carolina,0.539224936585,0.454662619053,0.0061124443624
North Dakota,0.243789778664,0.426261043032,0.329949178303
Ohio,0.456585258919,0.522961369058,0.0204533720229
Oregon,0.394109380068,0.554611956613,0.0512786633194
Pennsylvania,0.361599372661,0.607448794333,0.0309518330052
Rhode Island,0.350357218646,0.597439343567,0.0522034377874
South Carolina,0.929563882547,0.0704361174526,0.0
South Dakota,0.411385293995,0.567288086222,0.0213266197828
Tennessee,0.530343971372,0.449528956401,0.0201270722267
Texas,0.631173502381,0.308329360453,0.0604971371659
Utah,0.482953996716,0.505842964298,0.0112030389853
Vermont,0.228581085889,0.757293816267,0.0141250978439
Virginia,0.552893932054,0.438173711621,0.00893235632532
Washington,0.416958074476,0.534355120717,0.0486868048064
West Virginia,0.447503577963,0.542713636117,0.00978278592003
Wisconsin,0.359689582622,0.600586213364,0.0397242040131
Wyoming,0.411714667639,0.586624539231,0.00166079312999
U. S. Total,0.455150156504,0.516442269505,0.0284075739909
Alabama,0.733529438801,0.206572597325,0.0598979638737
Arkansas,0.553456850568,0.40250470276,0.044038446672
California,0.269388148657,0.618377837639,0.112234013704
Colorado,0.410827071372,0.552643566835,0.0365293617929
Connecticut,0.38146687037,0.581228286803,0.0373048428278
Delaware,0.441148303539,0.540518971178,0.0183327252827
Florida,0.683348404599,0.214804288852,0.10184730655
Georgia,0.637213137282,0.183256225856,0.179530636862
Idaho,0.254622612913,0.658367549395,0.0870098376919
Illinois,0.304325410428,0.587687494368,0.107987095204
Indiana,0.402156306574,0.539866751688,0.0579769417387
Iowa,0.307093498569,0.633948647687,0.058957853744
Kansas,0.262277020097,0.648144484586,0.0895784953175
Kentucky,0.498158028747,0.471290022159,0.0305519490946
Louisiana,0.884989240929,0.0965533872524,0.0184573718187
Maine,0.284901518197,0.674396792513,0.0407016892902
Maryland,0.488099219994,0.488326666042,0.0235741139638
Massachusetts,0.372371711199,0.579233401257,0.0483948875444
Michigan,0.257876261602,0.695120441425,0.0470032969733
Minnesota,0.18844157618,0.739776685106,0.0717817387147
Mississippi,0.910747432775,0.0558573593774,0.0333952078473
Missouri,0.460211132527,0.499252167782,0.0405366996914
Montana,0.337859226615,0.542052014152,0.120088759233
Nebraska,0.234441727358,0.613816384031,0.151741888611
Nevada,0.328683450268,0.566570367313,0.104746182418
New Hampshire,0.37792393607,0.600736460332,0.021339603598
New Jersey,0.380458077388,0.566791585654,0.0527503369576
New York,0.422792485953,0.531307293373,0.0459002206741
North Carolina,0.597113820747,0.396702884254,0.00618329499851
North Dakota,0.203859228154,0.751206901477,0.0449338703688
Ohio,0.343166469699,0.597470312915,0.059363217386
Oregon,0.194345231493,0.670574794241,0.135079974266
Pennsylvania,0.273297982273,0.679973446276,0.0467285714517
Rhode Island,0.361789209974,0.605992192962,0.0322185970636
South Carolina,0.95364490729,0.0463369498168,1.81428934286e-05
South Dakota,0.216667488535,0.710912766902,0.0724197445633
Tennessee,0.542339855819,0.434039134912,0.0236210092688
Texas,0.714505486992,0.218975419644,0.0665190933643
Utah,0.328635219136,0.614190730978,0.0571740498859
Vermont,0.18842506938,0.779737126118,0.031837804502
Virginia,0.618426501035,0.369450195537,0.0121233034277
Washington,0.19357772251,0.699547367913,0.106874909577
West Virginia,0.420253681465,0.552615569242,0.0271307492937
Wisconsin,0.280093631396,0.632135954952,0.0877704136514
Wyoming,0.290803699362,0.667220268334,0.0419760323043
U. S. Total,0.3758849753,0.564177700785,0.0599373239153
Alabama,0.707461579428,0.243086199026,0.049452221546
Arkansas,0.573138280355,0.37296307518,0.0538986444652
California,0.329780106933,0.554577505775,0.115642387292
Colorado,0.479970287048,0.468786241084,0.0512434718674
Connecticut,0.359231170034,0.594280090314,0.0464887396515
Delaware,0.459412169059,0.521049013686,0.0195388172558
Florida,0.630145867099,0.215842787682,0.154011345219
Georgia,0.546021252189,0.312103785546,0.141874962265
Idaho,0.371681415929,0.540850832023,0.0874677520479
Illinois,0.390225872406,0.545275757539,0.0644983700554
Indiana,0.46907475254,0.483955647141,0.0469696003195
Iowa,0.405787347227,0.55623735521,0.0379752975631
Kansas,0.428808924686,0.524585977773,0.0466050975406
Kentucky,0.497417055382,0.480338034598,0.0222449100198
Louisiana,0.846253178375,0.119253963816,0.0344928578085
Maine,0.332935224195,0.629955988565,0.0371087872404
Maryland,0.485924261417,0.488460619374,0.0256151192088
Massachusetts,0.340417010455,0.582085665074,0.0774973244711
Michigan,0.324402487865,0.619345551188,0.0562519609472
Minnesota,0.330213338807,0.591127785961,0.0786588752324
Mississippi,0.901097094344,0.0652128422815,0.0336900633744
Missouri,0.484091255114,0.48496983631,0.0309389085759
Montana,0.426113742699,0.469806166633,0.104080090669
Nebraska,0.491377403963,0.476002533743,0.0326200622941
Nevada,0.457147516921,0.43932969094,0.103522792139
New Hampshire,0.375613839286,0.593180803571,0.0312053571429
New Jersey,0.390746524916,0.567954940046,0.0412985350377
New York,0.407402569658,0.531064790796,0.0615326395459
North Carolina,0.542173159008,0.4549007341,0.00292610689199
North Dakota,0.347897381645,0.610208939434,0.0418936789209
Ohio,0.448236907428,0.510285746894,0.0414773456781
Oklahoma,0.482284161811,0.430294608765,0.0874212294243
Oregon,0.343126910694,0.563897230564,0.0929758587416
Pennsylvania,0.354082606809,0.588409010217,0.0575083829737
Rhode Island,0.341634747017,0.607630294398,0.0507349585851
South Carolina,0.938369062505,0.0594314466925,0.00219949080281
South Dakota,0.350825528207,0.58842082335,0.0607536484426
Tennessee,0.527288280582,0.458733182985,0.0139785364336
Texas,0.739733861661,0.223538502912,0.0367276354266
Utah,0.392227449753,0.561884857245,0.0458876930018
Vermont,0.218223234624,0.750797266515,0.030979498861
Virginia,0.60515813665,0.38355524751,0.0112866158392
Washington,0.319182723421,0.576803223859,0.104014052719
West Virginia,0.431677030666,0.534158578873,0.0341643904612
Wisconsin,0.366740677008,0.545168679763,0.0880906432298
Wyoming,0.396660373847,0.554282219681,0.0490574064719
U. S. Total,0.430443691582,0.515696940589,0.0538593678293
Alabama,0.698869946337,0.0831390567909,0.217990996872
Arizona,0.435207823961,0.127350139111,0.437442036928
Arkansas,0.550054354777,0.204509847807,0.245435797417
California,0.418081729464,0.00577333821083,0.576144932325
Colorado,0.428027577938,0.218772482014,0.353199940048
Connecticut,0.391593663999,0.358836999223,0.249569336779
Delaware,0.464759518627,0.328541504087,0.206698977287
Florida,0.695221983988,0.0841709778311,0.220607038181
Georgia,0.766337367251,0.0427348316457,0.190927801103
Idaho,0.320753824914,0.310248312121,0.368997862965
Indiana,0.430712297204,0.23112759254,0.338160110256
Iowa,0.376404471561,0.243330029491,0.380265498948
Kansas,0.3929943101,0.204740671846,0.402265018054
Kentucky,0.484818229611,0.255150050584,0.260031719805
Louisiana,0.768107712497,0.0483671512215,0.183525136281
Maine,0.394268744215,0.204759333539,0.400971922246
Maryland,0.485703570551,0.236898711532,0.277397717917
Massachusetts,0.355302761768,0.319528251823,0.325168986409
Michigan,0.273607198862,0.276316935765,0.450075865373
Minnesota,0.318431926372,0.192490552602,0.489077521027
Mississippi,0.888978490455,0.0241924228091,0.086829086736
Missouri,0.473464210969,0.297496585863,0.229039203168
Montana,0.350023801769,0.231904392053,0.418071806178
Nebraska,0.436935582785,0.217353487011,0.345710930204
Nevada,0.39701715138,0.158886403182,0.444096445439
New Hampshire,0.394765862143,0.374336353611,0.230897784245
New Jersey,0.412001229378,0.20528540298,0.382713367642
New Mexico,0.413905541154,0.359142093325,0.226952365522
New York,0.412747471377,0.286773719319,0.300478809304
North Carolina,0.592375787608,0.119490844054,0.288133368338
North Dakota,0.341360591361,0.26668976669,0.39194964195
Ohio,0.409638856266,0.268218695702,0.322142448033
Oklahoma,0.469485935832,0.357705446393,0.172808617775
Oregon,0.343432574431,0.253013718622,0.403553706947
Pennsylvania,0.324895543862,0.224482153767,0.450622302371
Rhode Island,0.390428017562,0.355649985878,0.253921996559
South Carolina,0.959369110207,0.0106338656879,0.0299970241048
South Dakota,0.420735009671,0.0,0.579264990329
Tennessee,0.52800149246,0.240043979947,0.231954527593
Texas,0.726235579444,0.0876868117462,0.18607760881
Utah,0.325476482836,0.374601818732,0.299921698432
Vermont,0.244330930444,0.371286262154,0.384382807403
Virginia,0.659478006936,0.170016426355,0.170505566709
Washington,0.269021899077,0.218231778909,0.512746322015
West Virginia,0.421075929591,0.211116401565,0.367807668844
Wisconsin,0.410600662541,0.3265104069,0.262888930558
Wyoming,0.361972763382,0.344240590127,0.293786646491
U. S. Total,0.418390155676,0.231661934739,0.349947909586
Alabama,0.760426228505,0.21924912796,0.0203246435347
Arizona,0.571689560676,0.353733992865,0.074576446459
Arkansas,0.659661148474,0.287347740206,0.0529911113201
California,0.466474190254,0.462699691778,0.0708261179688
Colorado,0.607442887473,0.347543099788,0.0450140127389
Connecticut,0.466564425783,0.498022199987,0.0354133742297
Delaware,0.477764910249,0.502045937078,0.0201891526732
Florida,0.69343770902,0.180977035697,0.125585255283
Georgia,0.795078447358,0.070288335273,0.134633217369
Idaho,0.520402629722,0.411306318018,0.0682910522601
Illinois,0.433358857339,0.525628367128,0.0410127755327
Indiana,0.464719940794,0.47437705885,0.0609030003561
Iowa,0.425532453078,0.545662740154,0.0288048067681
Kansas,0.499494294338,0.440857841931,0.059647863731
Kentucky,0.519133668411,0.46503409104,0.0158322405485
Louisiana,0.859037233013,0.0695403411413,0.0714224258459
Maine,0.469746320994,0.509910940916,0.02034273809
Maryland,0.528009189472,0.447822652353,0.0241681581749
Massachusetts,0.466104324183,0.505401233117,0.0284944426999
Michigan,0.440532863882,0.520907933202,0.0385592029162
Minnesota,0.462490061028,0.463502029099,0.0740079098729
Mississippi,0.92781411876,0.0490660944404,0.0231197867996
Missouri,0.505907070563,0.469437662135,0.0246552673021
Montana,0.568795411951,0.375677485803,0.0555271022462
Nebraska,0.552797452274,0.409902023911,0.0373005238153
Nevada,0.533557449874,0.363999279625,0.102443270501
New Hampshire,0.491220393371,0.490592076475,0.0181875301536
New Jersey,0.426780087452,0.54401122882,0.0292086837283
New Mexico,0.501998892,0.466438079267,0.0315630287331
New York,0.44507048857,0.515287712337,0.0396417990922
North Carolina,0.580957572705,0.417096505967,0.00194592132819
North Dakota,0.478429673282,0.463393708294,0.0581766184245
Ohio,0.518554853461,0.441815453966,0.0396296925721
Oklahoma,0.505931621538,0.332133231769,0.161935146694
Oregon,0.45896044334,0.48466653927,0.0563730173896
Pennsylvania,0.402242078834,0.542575522919,0.0551823982473
Rhode Island,0.459984513073,0.510818074155,0.0291974127722
South Carolina,0.967069051789,0.0242369276958,0.00869402051539
South Dakota,0.459051356424,0.49803012207,0.0429185215058
Tennessee,0.563136044675,0.426992174584,0.00987178074139
Texas,0.769233247509,0.174509419626,0.0562573328644
Utah,0.587826414989,0.378194291143,0.0339792938678
Vermont,0.352198526561,0.624272974021,0.0235284994184
Virginia,0.669889820753,0.318263443513,0.0118467357343
Washington,0.481340913505,0.438873053119,0.0797860333759
West Virginia,0.484395484592,0.4937830341,0.0218214813077
Wisconsin,0.427976848104,0.493860900759,0.0781622511372
Wyoming,0.546219135802,0.418557098765,0.0352237654321
U. S. Total,0.492370520244,0.46118138805,0.0464480917062
Alabama,0.67314570902,0.313737701883,0.0131165890977
Arizona,0.443886902437,0.556113097563,0.0
Arkansas,0.584898468174,0.387269450056,0.02783208177
California,0.242774217467,0.662032731317,0.0951930512155
Colorado,0.359304646759,0.593207397287,0.0474879559532
Connecticut,0.330273748488,0.627159264386,0.0425669871251
Delaware,0.420669301713,0.557133069829,0.0221976284585
Florida,0.621323302284,0.307885036484,0.0707916612324
Georgia,0.722841667173,0.277158332827,0.0
Idaho,0.343442163629,0.656041703533,0.000516132837846
Illinois,0.255115972873,0.678125987605,0.0667580395223
Indiana,0.404891984253,0.551377553121,0.043730462626
Iowa,0.254637005325,0.709067996005,0.0362949986705
Kansas,0.325194014567,0.647477372273,0.0273286131597
Kentucky,0.496890197974,0.492517753193,0.0105920488338
Louisiana,0.692419063894,0.304898889205,0.00268204690022
Maine,0.298023655479,0.689218560453,0.0127577840679
Maryland,0.421587002238,0.551104814409,0.0273081833523
Massachusetts,0.278440161092,0.685459053776,0.0361007851322
Michigan,0.222670307732,0.727639255979,0.0496904362888
Minnesota,0.194328099391,0.705890426969,0.0997814736396
Mississippi,0.839802647529,0.140328759152,0.0198685933181
Missouri,0.431271758703,0.545589735894,0.0231385054022
Montana,0.320503223356,0.61132029094,0.0681764857044
Nebraska,0.312502122834,0.646642786413,0.0408550907528
Nevada,0.36224902552,0.569206442598,0.068544531882
New Hampshire,0.39387272773,0.598370754029,0.00775651824102
New Jersey,0.28418495414,0.676526064143,0.0392889817168
New Mexico,0.442745194771,0.546781018158,0.0104737870709
New York,0.269530617941,0.645561016977,0.0849083650824
North Carolina,0.566964459731,0.432207684212,0.000827856056992
North Dakota,0.181857942617,0.777894409455,0.0402476479278
Ohio,0.385841190353,0.584680951677,0.0294778579707
Oklahoma,0.446051252543,0.501080947782,0.0528677996753
Oregon,0.335478488357,0.602007362004,0.0625141496382
Pennsylvania,0.271962997189,0.657565302254,0.0704717005575
Rhode Island,0.327787071157,0.639733065049,0.0324798637941
South Carolina,0.960513710933,0.0390671775835,0.000419111483655
South Dakota,0.197204738884,0.607406838348,0.195388422768
Tennessee,0.481907303803,0.51286902801,0.00522366818625
Texas,0.593388144443,0.235364467852,0.171247387705
Utah,0.388395918479,0.559254738459,0.0523493430617
Vermont,0.232534098109,0.75823968164,0.009226220251
Virginia,0.613202442941,0.37854332498,0.0082542320794
Washington,0.211424200243,0.559640344607,0.22893545515
West Virginia,0.432968847438,0.553017794181,0.0140133583819
Wisconsin,0.161735683322,0.710951403149,0.12731291353
Wyoming,0.318628884826,0.641517367459,0.0398537477148
U. S. Total,0.341475790561,0.60317520749,0.0553490019495
Alabama,0.678095718307,0.270149406037,0.051754875655
Arizona,0.354713970877,0.412595827531,0.232690201593
Arkansas,0.61209684405,0.292813212832,0.0950899431178
California,0.0823106326547,0.572002496295,0.345686871051
Colorado,0.219827032081,0.570241921346,0.209931046573
Connecticut,0.275256997964,0.615351178506,0.10939182353
Delaware,0.367992518017,0.577003906035,0.0550035759476
Florida,0.568765230775,0.28064019642,0.150594572805
Georgia,0.739597903672,0.181897861049,0.0785042352786
Idaho,0.163565865336,0.471216156984,0.36521797768
Illinois,0.233586781249,0.588373108908,0.178040109843
Indiana,0.38686644818,0.552536565047,0.0605969867729
Iowa,0.166434654438,0.550314240092,0.28325110547
Kansas,0.235969591851,0.615395182156,0.148635225993
Kentucky,0.459757497559,0.48932950013,0.0509130023107
Louisiana,0.7643889759,0.20229436413,0.03331665997
Maine,0.218344155844,0.720321345321,0.0613344988345
Maryland,0.412882357862,0.452873435017,0.134244207122
Massachusetts,0.248558862916,0.622634946457,0.128806190627
Michigan,0.131296540301,0.75371999252,0.114983467179
Minnesota,0.0680086018785,0.511781362434,0.420210035687
Mississippi,0.893403994238,0.0755277338123,0.0310682719496
Missouri,0.43789861754,0.495800323864,0.0663010585967
Montana,0.19381044931,0.425047155478,0.381142395212
Nebraska,0.295771188759,0.470912784673,0.233316026568
Nevada,0.219494075257,0.417629359979,0.362876564764
New Hampshire,0.347158749522,0.598261808957,0.0545794415212
New Jersey,0.274144882647,0.621650911214,0.10420420614
New Mexico,0.430222458566,0.485198971905,0.0845785695294
New York,0.291303238204,0.557626230147,0.151070531649
North Carolina,0.588932372324,0.39726157945,0.0138060482259
North Dakota,0.0696098572943,0.476846107866,0.45354403484
Ohio,0.237019755118,0.583329241552,0.179651003329
Oklahoma,0.484085425281,0.428152115288,0.0877624594306
Oregon,0.241831491871,0.510143548202,0.248024959927
Pennsylvania,0.190778842343,0.653416789053,0.155804368604
Rhode Island,0.364590819313,0.596273469291,0.0391357113961
South Carolina,0.965636822194,0.0221272068096,0.0122359709962
South Dakota,0.13348833559,0.496885239469,0.369626424942
Tennessee,0.527972691699,0.435873782366,0.0361535259346
Texas,0.737031736448,0.197750905311,0.0652173582415
Utah,0.299388496083,0.492560035671,0.208051468246
Vermont,0.156669937911,0.782164268294,0.061165793795
Virginia,0.624842353825,0.327868265937,0.0472893802381
Washington,0.101629941003,0.522416136677,0.37595392232
West Virginia,0.440720828151,0.494524228064,0.064754943786
Wisconsin,0.0810096262485,0.370604619743,0.548385754009
Wyoming,0.161051314143,0.523879849812,0.315068836045
U. S. Total,0.288215663502,0.540390115072,0.171394221426
Alabama,0.513278068294,0.484874408592,0.00184752311412
Arizona,0.422304775681,0.575678874351,0.00201634996822
Arkansas,0.602934853536,0.393291618823,0.00377352764134
California,0.341949154429,0.646936864931,0.0111139806396
Colorado,0.33941036401,0.647233085697,0.0133565502929
Connecticut,0.455742987283,0.536342447349,0.00791456536795
